2022-04-11 11:24:59,691 - INFO - ==> Preparing data..
2022-04-11 11:25:00,118 - INFO - # ID Test: 4150
2022-04-11 11:25:00,118 - INFO - # OOD: 850
2022-04-11 11:25:00,150 - INFO - # iNaturalist: 10000
2022-04-11 11:25:00,175 - INFO - # SUN: 10000
2022-04-11 11:25:00,201 - INFO - # Places: 10000
2022-04-11 11:25:00,363 - INFO - # Textures: 5640
2022-04-11 11:25:00,375 - INFO - # coarseid-coarseood: 700
2022-04-11 11:25:00,379 - INFO - # coarseid-fineood: 150
2022-04-11 11:26:37,955 - INFO - Accuracy Results
2022-04-11 11:26:37,956 - INFO - Top-1 Accuracy: 0.8265060186386108
2022-04-11 11:26:37,956 - INFO - Top-5 Accuracy: 0.97493976354599
2022-04-11 11:26:37,956 - INFO - OOD Results
2022-04-11 11:26:50,190 - INFO - Computing OOD Statistics...
2022-04-11 11:27:09,305 - INFO - Computing OOD Statistics...
2022-04-11 11:27:40,492 - INFO - Computing OOD Statistics...
2022-04-11 11:27:55,262 - INFO - Computing OOD Statistics...
2022-04-11 11:28:04,433 - INFO - Computing OOD Statistics...
2022-04-11 11:28:08,732 - INFO - Computing OOD Statistics...
2022-04-11 11:28:12,024 - INFO - Computing OOD Statistics...
2022-04-11 11:28:12,037 - INFO - OOD Dataset: OOD
2022-04-11 11:28:12,037 - INFO - MSP AUROC [0.9116507441530829]
2022-04-11 11:28:12,037 - INFO - MSP TNR [0.591764705882353]
2022-04-11 11:28:12,037 - INFO - MSP AUOUT [0.700967735834683]
2022-04-11 11:28:12,037 - INFO - ODIN AUROC [0.9383705173635719]
2022-04-11 11:28:12,037 - INFO - ODIN TNR [0.7376470588235294]
2022-04-11 11:28:12,037 - INFO - ODIN AUOUT [0.7624635255244815]
2022-04-11 11:28:12,037 - INFO - OOD Dataset: iNaturalist
2022-04-11 11:28:12,037 - INFO - MSP AUROC [0.9316481927710843]
2022-04-11 11:28:12,037 - INFO - MSP TNR [0.6552]
2022-04-11 11:28:12,037 - INFO - MSP AUOUT [0.9664350289037866]
2022-04-11 11:28:12,037 - INFO - ODIN AUROC [0.9654276626506024]
2022-04-11 11:28:12,037 - INFO - ODIN TNR [0.8119000000000001]
2022-04-11 11:28:12,038 - INFO - ODIN AUOUT [0.9829718978952815]
2022-04-11 11:28:12,038 - INFO - OOD Dataset: SUN
2022-04-11 11:28:12,038 - INFO - MSP AUROC [0.9466613012048192]
2022-04-11 11:28:12,038 - INFO - MSP TNR [0.7036]
2022-04-11 11:28:12,038 - INFO - MSP AUOUT [0.9734177469948164]
2022-04-11 11:28:12,038 - INFO - ODIN AUROC [0.9781726987951805]
2022-04-11 11:28:12,038 - INFO - ODIN TNR [0.8854]
2022-04-11 11:28:12,038 - INFO - ODIN AUOUT [0.9886504820543336]
2022-04-11 11:28:12,038 - INFO - OOD Dataset: Places
2022-04-11 11:28:12,038 - INFO - MSP AUROC [0.9326862409638556]
2022-04-11 11:28:12,038 - INFO - MSP TNR [0.6442]
2022-04-11 11:28:12,038 - INFO - MSP AUOUT [0.9662500793289249]
2022-04-11 11:28:12,038 - INFO - ODIN AUROC [0.9661395662650603]
2022-04-11 11:28:12,038 - INFO - ODIN TNR [0.8253]
2022-04-11 11:28:12,038 - INFO - ODIN AUOUT [0.9831157673645159]
2022-04-11 11:28:12,038 - INFO - OOD Dataset: Textures
2022-04-11 11:28:12,038 - INFO - MSP AUROC [0.9002385713065025]
2022-04-11 11:28:12,038 - INFO - MSP TNR [0.5611702127659575]
2022-04-11 11:28:12,038 - INFO - MSP AUOUT [0.9211800872300925]
2022-04-11 11:28:12,038 - INFO - ODIN AUROC [0.959995684867128]
2022-04-11 11:28:12,038 - INFO - ODIN TNR [0.7976950354609929]
2022-04-11 11:28:12,038 - INFO - ODIN AUOUT [0.9680545167889585]
2022-04-11 11:28:12,038 - INFO - OOD Dataset: coarseid-coarseood
2022-04-11 11:28:12,038 - INFO - MSP AUROC [0.935]
2022-04-11 11:28:12,038 - INFO - MSP TNR [0.6571428571428571]
2022-04-11 11:28:12,038 - INFO - MSP AUOUT [0.7182057417380311]
2022-04-11 11:28:12,038 - INFO - ODIN AUROC [0.9680450946643719]
2022-04-11 11:28:12,038 - INFO - ODIN TNR [0.8200000000000001]
2022-04-11 11:28:12,038 - INFO - ODIN AUOUT [0.7884152796183873]
2022-04-11 11:28:12,038 - INFO - OOD Dataset: coarseid-fineood
2022-04-11 11:28:12,038 - INFO - MSP AUROC [0.8026907630522088]
2022-04-11 11:28:12,038 - INFO - MSP TNR [0.2866666666666666]
2022-04-11 11:28:12,039 - INFO - MSP AUOUT [0.13559098531987523]
2022-04-11 11:28:12,039 - INFO - ODIN AUROC [0.7998891566265061]
2022-04-11 11:28:12,039 - INFO - ODIN TNR [0.3533333333333334]
2022-04-11 11:28:12,039 - INFO - ODIN AUOUT [0.15048908236421302]
